10
5
0.01
0
30
10
10
0
0.01
0.0135193 0.00636362 0.00603884 0.00441125 0.00374168 0.00279779 0.00332269 0.00435246 0.00368731 0.00406421 0.00504842 
0.00330377 0.00399566 0.00326701 0.00272917 0.00213079 0.00288809 0.00335695 0.00197297 0.00336017 0.00231293 
0.00299323 0.00222671 0.00230738 0.00241846 0.00240505 0.0019863 0.00254385 0.00170953 0.00354253 0.0035123 
0.0135193 0.00758692 0.00590454 0.00360517 0.00340101 0.00291272 0.00231219 0.00318252 0.00341148 0.00313708 
0.00464847 0.00410737 0.00327826 0.0025185 0.00205956 0.00254478 0.000939477 0.00229797 0.00120705 0.0019092 
0.00149369 0.00175527 0.00253206 0.00138761 0.00228499 0.0024099 0.00194028 0.00287425 0.00135869 0.00197442 
0.00214773 0.0135193 -0.00117671 0.00187765 -0.00128292 0.00226406 -0.000750943 0.00103784 -0.00123004 0.00309531 
-0.000855249 -0.00031749 -0.000475381 -0.00105296 -0.000697929 0.00023108 -0.000749589 0.000464157 0.000526947 0.00157209 
-0.000163741 0.000233903 -0.00083238 0.00220306 -0.00167118 0.000970469 -0.00136128 0.00236548 3.50099e-05 0.000469035 
-0.00105432 0.00125453 0.0135193 -0.000757612 0.0011184 -0.0014421 0.00165424 -0.000869912 0.000936372 -0.000256667 
0.00261447 -0.00159814 0.000866946 -0.00310247 0.000392743 -0.00194979 0.00170348 -0.000463483 0.00117256 0.000603126 
-0.000513954 -0.000168016 0.000206439 0.000290375 0.000584308 -0.00155229 0.00119342 0.000387901 0.00222954 -0.00081383 
0.000345682 -0.00138397 0.000273244 0.0135193 0.0129564 0.0120699 0.0113326 0.0107171 0.0098452 0.00917267 
0.00895184 0.00856535 0.00793346 0.00732089 0.00721079 0.00699837 0.00677025 0.00662451 0.00663625 0.00642938 
0.00604621 0.00588694 0.00573831 0.00568279 0.0056821 0.00608479 0.00637975 0.00659748 0.00681395 0.00710782 
0.00723065 0.00702414 0.00682142 0.00646767 0.0135193 0.000684469 -0.0073734 -0.00191991 -0.00146019 0.00292635 
0.00200643 -0.00225301 0.00116781 -0.000843066 -0.0011275 0.00243346 -0.000524977 -0.000591613 0.000546796 -0.000651849 
0.000575886 0.000389438 -0.000632612 -0.00119842 -0.00036444 0.00132853 0.000116859 0.000546773 0.000620513 -0.000826873 
0.000562992 -0.00145323 -0.00140951 0.00273685 9.30813e-05 0.0135193 -0.00394339 -0.00575876 0.00595706 -0.00449048 
9.62752e-05 0.00291022 -0.00297295 0.00243894 -0.0020596 -0.00107592 0.00412565 -0.00216906 0.00140914 0.000144438 
-0.00357014 0.00373173 -0.00163203 -0.00258112 0.00445975 -0.00159829 -0.00118433 0.00165689 -0.00136798 0.00115574 
-0.000458062 -0.00058937 0.00262845 -0.00169833 -0.00152666 0.000995406 0.0135193 0.0059626 -0.00186515 0.000626916 
0.00272778 -0.00086635 -0.000971281 0.00128467 0.00108083 -0.001715 -0.00248413 -0.00108551 0.000651975 -0.000307683 
-0.00051211 0.00114193 0.00164525 -0.000539859 -0.0011172 -0.000237642 0.00109371 0.000603297 -0.000686027 -0.00113568 
0.000124918 -0.000134507 -0.0020455 -0.00257393 -0.000224032 0.000296189 -0.00117143 0.0135193 0.0100975 0.00446789 
0.000321482 -0.00174233 -0.00255256 -0.00235164 -0.00226485 -0.00202904 -0.0027717 -0.00316551 -0.00301329 -0.00275378 
-0.0023356 -0.00120948 -0.000199246 0.000623951 0.00135612 0.00158079 0.00107708 0.0011211 0.00135947 0.000240582 
-0.00182092 -0.00264419 -0.00222706 -0.00131251 -0.000362832 0.000390856 0.000249757 -0.000142709 0.0135193 0.00985823 
0.00844569 0.00570244 0.0059582 0.00455908 0.0055846 0.0046907 0.00545835 0.00471333 0.00493502 0.00401951 
0.00473047 0.00348674 0.00415334 0.00315617 0.00451183 0.00290412 0.00355506 0.0028234 0.00374783 0.00208138 
0.00343077 0.00356389 0.00429791 0.00319906 0.00369261 0.00211736 0.00336634 0.00227551 0.00348096 
$ 
30
10
10
0
0.01
0.0116845 0.00487366 0.00382066 0.00351633 0.00280788 0.00186852 0.00193753 0.00103635 0.00314684 0.00165566 0.00248963 
0.00205237 0.00189767 0.00215981 0.00193217 0.00214503 0.000876211 0.00198271 0.00127848 0.000727813 0.00270089 
0.00261022 0.00222762 0.00325302 0.00214963 0.00298039 0.00319497 0.00246532 0.003047 0.00252075 0.00206492 
0.0116845 0.00637927 0.00409448 0.00353289 0.00312214 0.00202434 0.00187582 0.000744301 0.00173261 0.00110225 
0.00126872 0.00191324 0.001365 0.00216587 0.0019263 0.00035795 0.000220511 0.00214404 0.00142543 -0.000837625 
0.000113379 0.000920206 0.0020974 0.00197847 0.00195072 0.00242671 0.00278265 0.0016054 0.00226157 0.00181267 
0.00128663 0.0116845 0.0010392 0.00296758 0.000188022 0.00106907 0.000784739 1.42351e-05 -0.000331239 0.000912156 
-0.00081003 0.000823756 -0.00309252 0.000278798 -0.00276708 0.000797654 -0.00137512 0.00127736 -0.00129295 0.00151871 
-0.000560743 0.000645067 -0.000755144 0.00222367 -0.000289557 0.00268343 -0.000417143 0.00236682 -0.000787317 0.000312237 
-0.00190611 0.000231662 0.0116845 0.00137161 0.0028503 0.000283962 0.000754617 0.000731556 0.000145644 5.41863e-05 
0.0023467 -0.00244781 0.000276868 -0.00305538 0.000892119 -0.000859312 0.00173983 -0.00151338 0.00126752 -0.00148159 
0.000440536 -0.000187916 0.000715276 -0.000979776 0.00126477 -0.00131011 0.00124908 -0.000684546 0.00130268 -0.000673724 
0.00244343 -0.000938174 0.00140717 0.0116845 0.0109511 0.00988409 0.00876828 0.00797848 0.00702962 0.00630114 
0.00569891 0.00496408 0.00468177 0.00470649 0.00490908 0.00437935 0.00412387 0.00390442 0.00383036 0.00349907 
0.00361837 0.00397349 0.00414561 0.00435163 0.00442552 0.00448431 0.00411987 0.00438764 0.00464555 0.00477733 
0.00442835 0.00452136 0.00474845 0.00477074 0.0116845 0.000569544 -0.00545839 -0.000765042 -0.00290141 0.000845118 
0.00253275 -0.00114199 0.000876802 -0.000716565 -0.000789712 0.00227956 -0.000936211 -0.000734685 0.0013263 -0.000294184 
0.000238842 -0.000465024 -0.00160402 0.000230997 0.000975063 0.000155872 -0.0005778 0.000335447 0.00113346 -0.000192766 
-0.00047171 -0.000212738 -0.00027923 0.000285776 -5.26293e-05 0.0116845 -0.00296604 -0.00426763 0.00336862 -0.00453056 
0.00186691 0.00215658 -0.00200378 0.00160953 -0.0025471 0.000133331 0.00194969 -0.0012699 0.00210207 -0.000659354 
-0.00170979 0.00213524 -0.000823581 -0.00117315 0.000900907 -0.000798011 -8.21819e-05 0.000539499 -0.000135957 0.00159669 
-0.000333894 -0.00165175 0.000683943 -0.000101721 0.000621101 0.000122111 0.0116845 0.00597099 -0.000796329 -0.000591545 
0.000284639 -0.000958861 -0.00166707 -0.000103199 0.0002651 -0.00102286 -0.000808382 -0.000485079 -8.89934e-05 0.000240368 
0.000209189 0.00111553 4.79282e-06 -0.0019019 -0.0018591 -0.00115015 -4.48029e-05 -0.000370149 -0.00127495 -2.65837e-05 
0.000684582 0.000379933 0.000299265 0.00061369 0.000196201 -0.00141757 -0.000350244 0.0116845 0.00789675 0.00432838 
0.00182219 -5.09349e-06 -0.000302953 -0.000419639 -0.00125877 -0.00206871 -0.0017429 -0.00137474 -0.00121739 -0.00182241 
-0.0024698 -0.00184891 -0.000459377 0.00152642 0.00176897 0.000805236 0.000185051 -0.000269186 -0.000309033 0.000326083 
0.000795696 0.000890745 -8.36204e-05 -0.000293989 0.000341259 -0.000310707 -0.0017818 -0.00189293 0.0116845 0.00768952 
0.00697108 0.00460401 0.00386221 0.00294252 0.00303724 0.00231668 0.00372412 0.00318754 0.00412147 0.00371359 
0.00508201 0.00439964 0.0036211 0.00275191 0.00314428 0.00189447 0.00188086 0.00158555 0.00367257 0.00321994 
0.00429321 0.00273446 0.00350331 0.0035553 0.00356592 0.00316779 0.0041748 0.00347216 0.00280861 
$ 
30
10
10
0
0.01
0.0142711 0.00490077 0.00421464 0.00082034 0.00126406 0.000461152 0.00127977 0.000407477 0.00166196 -0.00033414 0.000848919 
0.000456529 0.000530782 0.00101931 0.00166865 0.00132347 0.00137263 0.00119513 0.000712307 0.000207219 0.000486376 
0.000914756 0.00118871 0.00183711 0.00243465 0.0003108 -0.000116958 0.000518499 0.00251802 0.000276158 0.00126048 
0.0142711 0.00534598 0.00408095 0.00203882 0.00198296 0.00142108 0.00106249 0.00104043 0.00243901 0.000125842 
0.00102343 0.000977054 0.00111058 0.000582282 0.000988587 0.0016298 0.000161663 0.00217853 0.00145477 0.000346844 
-0.000192653 0.000281418 0.00136052 0.00267932 0.000392773 6.58433e-05 0.000120077 0.000998583 0.000147003 0.000635268 
0.000486569 0.0142711 0.00522019 0.00531565 0.00380289 0.00437401 0.00182568 0.00284605 0.00224652 0.00238405 
0.00111113 -0.000883988 0.000713628 0.00108024 -0.000600894 0.000191022 0.000916 0.000642069 0.000733427 0.00178337 
0.000439767 0.00204071 0.00113728 0.00211633 0.0023672 0.00257362 0.00184077 0.00407516 0.00113351 0.000988194 
0.000708174 0.00142837 0.0142711 0.00466949 0.00498447 0.00292995 0.00393177 0.00171585 0.00205433 0.00289064 
0.00342052 0.000901628 0.00014886 0.0002867 0.00148488 0.000922341 0.00112672 0.000998928 0.00125438 0.000672808 
0.000338686 1.43518e-05 0.00174512 0.000908548 0.00162536 0.00144412 0.00239536 0.00145286 0.00310317 0.00135007 
0.00131849 0.0010691 0.00141191 0.0142711 0.0132286 0.0120248 0.0115598 0.0103936 0.00944308 0.00916421 
0.00834009 0.00757047 0.00738407 0.00689223 0.00637177 0.00608225 0.00551257 0.00514119 0.00512608 0.00510531 
0.00540738 0.00543905 0.0051001 0.00555095 0.00591359 0.00558685 0.00600563 0.00642616 0.00587713 0.00593466 
0.00643505 0.00606079 0.00582181 0.00603798 0.0142711 -0.00301111 -0.00548403 0.00344046 -0.00613467 0.0024349 
0.004163 -0.00368035 0.00364375 -0.000695872 -0.0041124 0.00274208 0.000270933 -0.000212972 0.00100447 -0.00166128 
0.000523631 0.00085091 -0.00111882 0.000894109 -7.40133e-05 -0.000399703 0.00093572 -0.00173717 0.000608704 0.00171998 
-0.00155229 0.00121969 0.000278692 -0.00157062 0.000672597 0.0142711 0.000353373 -0.00544521 -0.00168279 -0.00633006 
0.00317446 0.00541174 -0.00183041 -5.60121e-05 -0.00136099 0.000731715 0.00255167 -0.00142377 -0.000544136 -0.00136823 
-0.0003379 0.00233861 -0.00126517 1.12877e-05 0.00166308 -0.00108236 0.00103502 0.000311581 -0.00181365 0.000783709 
-0.000781688 -0.00092198 0.00173444 9.64201e-05 0.00099095 0.00069581 0.0142711 0.00903574 0.00265023 0.00146062 
0.00126095 0.000821359 0.00149627 -0.000146596 -0.000748937 0.000312659 -0.000277889 -0.00167532 -0.000804345 -0.00109635 
-0.0016553 -0.00145413 -0.00107261 -0.0010868 -0.000498864 -0.000266612 0.000961367 0.000621127 -0.00152287 -0.00192412 
0.000247804 0.000248498 -0.000508945 -0.000741542 -0.000266631 0.000297866 0.000771134 0.0142711 0.0105715 0.00573602 
0.00195355 0.000561486 -0.000613652 -0.00110757 -0.00120222 -0.00175998 -0.0019978 -0.000868399 -0.000393936 -0.000561686 
-0.000442678 -0.000349527 -0.000792772 -0.00122125 -0.00141295 -0.000900717 -0.00143328 -0.000332931 0.000164719 0.000160577 
-0.000864218 -0.00148111 -0.00154636 -0.00138386 -0.00153825 -0.000480869 -0.000612665 -9.3027e-05 0.0142711 0.00995785 
0.00880363 0.00512254 0.0049745 0.0032782 0.00427473 0.00326441 0.00524063 0.00427115 0.00566841 0.00490835 
0.00620507 0.00517598 0.00603773 0.00410359 0.00505423 0.00323975 0.00408193 0.00304643 0.00360777 0.00344696 
0.00533407 0.00476099 0.00488176 0.00371345 0.00465642 0.00387302 0.00592676 0.00476316 0.00603153 
$ 
30
10
10
0
0.01
0.0144297 0.000975703 0.00124595 0.00132787 0.00212898 -0.00113614 0.00133732 0.0011449 -0.000878194 -0.000373017 -0.000175846 
0.00210226 0.00155594 0.0011519 0.00168359 -4.15694e-05 0.000583276 0.00107798 0.00316239 0.000493529 0.001512 
-0.000380043 0.00106509 0.00101515 0.000864604 0.00050267 0.000951441 -0.000613124 0.000826574 0.00218513 0.00151384 
0.0144297 0.00206559 0.0018307 0.00144507 0.00239921 -0.000446404 0.000925947 0.00128423 0.000643214 -0.00135364 
-0.000148857 0.00144979 0.0015686 0.00109916 0.000995543 0.00171379 -0.00150995 0.000535111 0.00199043 0.000470964 
0.00172131 0.00101695 0.000123284 0.00115431 0.000437301 0.00138831 0.000173233 0.00207213 4.73705e-05 0.00128324 
0.000422397 0.0144297 0.0079766 0.00604941 0.00490728 0.00351147 0.00224853 0.00252412 0.00121756 0.00243371 
0.00192654 0.00280716 0.00282706 0.00264987 0.00162041 0.00218911 0.00164364 0.00122931 0.000909933 0.000251733 
4.3623e-05 0.000908181 0.0011068 0.000755552 0.00156856 0.00203515 0.00144157 0.000892067 0.000986513 0.000605347 
-1.44663e-05 0.000540522 0.0144297 0.00803042 0.00585975 0.00459669 0.00342453 0.00229759 0.00277863 0.0014857 
0.00273134 0.00232872 0.00291739 0.00257773 0.00173576 0.00130482 0.00195982 0.00161249 0.00108556 0.00121783 
0.00204962 0.00148535 0.00134964 0.0011012 0.00107114 0.0019592 0.00223982 0.00122532 0.00205319 0.000903398 
0.000219064 0.000291649 -7.60292e-05 0.0144297 0.0137652 0.0129122 0.0124398 0.0115231 0.0106715 0.0103012 
0.00978354 0.00922361 0.00881972 0.00824103 0.00760621 0.00727068 0.00720498 0.00713327 0.00699941 0.00692198 
0.00670225 0.0062591 0.00591298 0.00574152 0.00555382 0.00521534 0.00490319 0.00490834 0.00491014 0.00473709 
0.00489104 0.00529075 0.00562817 0.00600397 0.0144297 -0.00464805 -0.00600317 0.00617412 -0.00632995 0.00199676 
0.00588308 -0.00592617 0.00198533 0.000735826 -0.00382658 0.00367038 0.000322988 -0.00179298 0.000798832 -0.000773804 
0.00029667 0.000213581 0.000224424 0.000163814 -0.00113625 0.00148275 7.08926e-05 -0.00211153 0.00122732 0.000469979 
-0.00093608 0.000715196 0.000558877 -0.000311115 -0.00105663 0.0144297 0.0020684 -0.00634644 -0.00365836 -0.00531087 
0.00279334 0.00644331 -0.00187901 -0.00241456 -0.000543227 0.000528672 0.0023412 0.00050437 -0.000208968 -0.00142472 
-0.00154095 0.000906514 -0.00058475 0.00077468 0.00224996 -0.00205537 -0.0004041 0.00152139 -0.00147841 0.000204975 
5.9508e-05 -0.00125449 0.00201234 0.000985775 -0.000889021 -7.4346e-05 0.0144297 0.00966898 0.00247749 -0.000548176 
0.000187829 0.00100473 0.00139027 0.00107717 -0.000147867 -0.00130561 -0.000744828 0.00031959 0.000131692 -0.000548962 
-0.000641323 -0.000890087 -0.000626881 -0.000515657 0.000698799 0.00148058 0.00102959 -0.00110747 -0.00180141 -0.000965414 
-0.00058406 -0.00113039 -0.00156863 -0.00210662 -0.00220447 -0.000784782 0.00145375 0.0144297 0.0108252 0.00723538 
0.00392207 0.00185386 -2.52301e-05 -5.48233e-05 -0.00154523 -0.000139685 -0.000110094 5.53789e-05 -0.000623031 -0.000951226 
-0.00259974 -0.00220491 -0.00244352 -0.00180864 -0.00202588 -0.00110723 -0.0010219 -0.000608049 -0.000853012 -0.000598376 
-0.00120665 -0.001026 -0.00106281 -0.000592437 -0.000360017 -0.000325029 -0.00127125 -0.00166156 0.0144297 0.0110398 
0.00920345 0.00632046 0.00562054 0.0034983 0.0041689 0.00454405 0.00579566 0.00483313 0.00563657 0.00516833 
0.00583964 0.00533504 0.00585093 0.00547604 0.00564705 0.00477461 0.0043263 0.00330519 0.00355802 0.002735 
0.00299776 0.00328122 0.00507798 0.00515206 0.00620185 0.00463945 0.00448811 0.00391576 0.00423182 
$ 
30
10
10
0
0.01
0.0255866 0.00924976 0.00581588 0.00491307 0.00361264 0.00526568 0.00460576 0.00316319 0.00235131 0.0018231 0.00244022 
0.00172406 0.00115394 0.00313694 0.0011092 0.00172742 0.00229524 0.00106414 0.000953478 0.0027461 0.00283913 
0.00172029 0.00185136 0.00336621 0.00246018 0.00508744 0.00498734 0.00298692 0.00358899 0.00365528 0.00390482 
0.0255866 0.00904016 0.00446094 0.00415418 0.00407455 0.00492029 0.00453883 0.00299694 0.0027173 0.00198369 
0.00352294 0.00147842 0.00117953 0.00275544 0.00240516 0.00182348 0.00308775 0.00269386 0.00170999 0.00372412 
0.00328135 0.00290553 0.00195804 0.00355167 0.00367314 0.0050693 0.00475799 0.00352693 0.00461427 0.00265204 
0.00289748 0.0255866 0.00715831 0.00506383 0.00198314 0.00587637 0.00287925 0.00418376 0.00118825 0.00428891 
-0.000381713 0.00331933 0.0010897 0.00355618 -0.000919638 0.00205405 0.000446003 0.00250138 -0.00259225 0.00147203 
-0.000139707 0.000880663 -0.00195333 0.00109645 -0.00043233 0.00112071 -0.00114493 0.00283511 -0.000469638 0.001705 
0.000367243 0.00256226 0.0255866 0.0073764 0.00581302 0.00224671 0.00564707 0.002988 0.00468218 0.000619452 
0.00486089 -0.000134515 0.00213776 0.00135394 0.00461454 -0.0012256 0.00133698 0.000371203 0.00342425 -0.000766114 
-0.000166023 -0.001788 0.00282293 -0.0017779 0.00210705 -0.000745202 0.00246319 0.000414264 0.00155332 0.000902899 
0.00380303 -0.000848181 0.00280908 0.0255866 0.0245951 0.0231755 0.0215245 0.0201933 0.0184126 0.0171789 
0.015594 0.0144121 0.0130981 0.0124333 0.0115213 0.0109969 0.0103068 0.0100859 0.00967703 0.00941298 
0.00910222 0.0089103 0.00853396 0.0082694 0.00852095 0.00869503 0.00856722 0.00842848 0.00896883 0.00926221 
0.00953848 0.00965846 0.00988201 0.00972225 0.0255866 -0.001995 -0.00931189 0.00287001 -0.0102335 0.00242998 
0.00530677 -0.00607617 0.00433422 0.000912052 -0.00290343 0.00319924 -0.00139163 -0.000657034 0.00283152 0.000348356 
-0.000684148 -0.00153389 -0.0015602 -0.00065127 -0.000647279 0.000567472 0.00144298 0.0014072 0.00142798 -0.000516313 
-0.000349519 0.000440848 -0.00224658 -0.000766091 0.00107132 0.0255866 -0.00233616 -0.00935152 0.00163932 -0.00966056 
0.00446042 0.0042472 -0.0035574 0.00285486 -0.00395767 0.00275469 0.00315871 -0.00441606 0.00371567 -0.00235409 
-0.00213472 0.00484454 -0.00325777 -8.40844e-05 0.00203843 -0.00326073 0.000850903 0.00110881 -0.00059912 0.000918242 
-0.000375417 -0.000298494 0.000745182 0.00124113 0.000132164 -0.00213863 0.0255866 0.0180765 0.00763673 0.00402495 
0.00430668 0.00354536 0.00262943 0.00195377 0.000681085 -0.000586693 -0.00158022 -0.00134566 -0.00170098 -0.00266375 
-0.00287053 -0.00211797 -0.00211261 -0.00225393 -0.00190782 -0.00215519 -0.0023785 -0.0035441 -0.00400035 -0.0027602 
-0.0019916 -0.00373457 -0.00456653 -0.00400848 -0.00406828 -0.00268419 -0.00113201 0.0255866 0.0153879 0.00953104 
0.0030168 0.00153414 -0.00136072 -0.00123555 -0.00293036 -0.00345528 -0.00444047 -0.00341762 -0.00376562 -0.00362922 
-0.00225091 -0.00172277 -0.00137674 -0.00110967 -0.00144927 -0.000439167 0.000108289 0.000787829 0.00188977 0.0018035 
-0.000519007 -0.000258832 0.000634301 0.000104215 -0.00146333 -0.000572583 -0.000389456 -0.000550724 0.0255866 0.0203622 
0.0166664 0.0115298 0.00932335 0.00713327 0.00792903 0.00687165 0.00806321 0.00667626 0.00731538 0.00685585 
0.00874203 0.0091549 0.0110728 0.00984118 0.00981429 0.0072096 0.00721782 0.00578569 0.00671379 0.00605863 
0.00728085 0.00610462 0.00697371 0.00621085 0.00841239 0.00837873 0.00958553 0.00924483 0.00954549 
$ 
